image_width: 640
image_height: 480
camera_name: camera
camera_matrix:
  rows: 3
  cols: 3
  data: [650.205745, 0, 300.450355, 0, 648.217984, 247.490523, 0, 0, 1]
distortion_model: plumb_bob
distortion_coefficients:
  rows: 1
  cols: 5
  data: [-0.449179, 0.300371, -0.002295, 0.006749, 0]
rectification_matrix:
  rows: 3
  cols: 3
  data: [1, 0, 0, 0, 1, 0, 0, 0, 1]
projection_matrix:
  rows: 3
  cols: 4
  data: [579.071289, 0, 300.542379, 0, 0, 606.336548, 247.186137, 0, 0, 0, 1, 0]
