image_width: 1280
image_height: 720
camera_name: vgacam
camera_matrix:
  rows: 3
  cols: 3
  data: [935.655034, 0, 645.893487, 0, 935.741558, 390.410031, 0, 0, 1]
distortion_model: plumb_bob
distortion_coefficients:
  rows: 1
  cols: 5
  data: [0.116814, -0.161491, 0.010524, 0.005241, 0]
rectification_matrix:
  rows: 3
  cols: 3
  data: [1, 0, 0, 0, 1, 0, 0, 0, 1]
projection_matrix:
  rows: 3
  cols: 4
  data: [955.822388, 0, 652.783704, 0, 0, 957.98291, 396.648183, 0, 0, 0, 1, 0]
